             1             
             |             
             2             
             |             
             4             
             |             
             8             
             |             
            16             
             |             
           /------------\  
           |            |  
           5           32  
           |            |  
          10           64  
           |            |  
   /---------\         21  
   |         |             
   3        20             
   |         |             
   6        40             
   |         |             
  12       /------\        
   |       |      |        
  24      13     80        
           |      |        
          26     160       
           |      |        
          52     53        
           |      |        
          17     106       
           |      |        
          34     35        
           |      |        
          11     70        
           |      |        
          22     23        
           |      |        
         /---\   46        
         |   |    |        
         7  44   15        
         |   |             
        14  88             
         |   |             
        28  29             
         |   |             
         9  58             
         |   |             
        18  19             
             |             
            38             
             |             
            76             
             |             
            25              
